Div DNA DNA/CMC-EnSpm DNA/Kolobok-H DNA/MULE-MuDR DNA/PIF-Harbinger DNA/Sola-2 DNA/TcMar-Ant1 DNA/TcMar-Fot1 DNA/TcMar-ISRm11 DNA/TcMar-Tc1 DNA/Zisupton DNA/hAT-Ac LINE/CRE LINE/Penelope LINE/Tad1 LTR/Copia LTR/Gypsy Simple_repeat Unknown 
0 0 0 0 0 0 1313 0 0 0 0 0 0 0 0 0 0 0 0 11477 
1 0 0 0 0 0 1089 0 0 0 0 0 0 0 0 0 0 0 0 13812 
2 0 0 0 0 0 6265 0 0 0 0 0 0 0 0 0 0 0 0 32901 
3 0 0 0 0 0 20160 0 0 0 0 0 0 0 0 0 0 0 0 40738 
4 0 0 0 0 0 23960 0 0 0 0 0 0 0 0 0 68 0 0 38573 
5 0 0 0 0 0 30976 0 0 0 0 0 0 0 0 0 0 0 0 30425 
6 0 0 0 0 0 17491 0 0 0 0 0 0 0 0 0 33 75 0 28461 
7 0 0 0 0 0 31201 0 0 0 0 0 0 0 0 0 0 0 0 41125 
8 0 0 0 0 0 26773 0 0 0 0 0 0 0 0 0 0 0 0 29048 
9 0 0 0 0 0 45536 0 0 0 0 0 0 58 0 0 0 0 0 32425 
10 0 0 0 0 0 51450 0 0 0 0 0 0 55 0 0 43 0 0 29808 
11 0 0 0 0 0 53805 0 0 299 0 0 0 0 0 0 37 0 0 31086 
12 0 0 0 0 0 59966 0 0 0 0 0 0 0 0 0 0 36 0 33107 
13 0 0 0 0 0 64108 0 0 0 0 0 0 0 0 0 0 0 0 25869 
14 0 0 0 0 47 60130 0 52 290 0 0 0 0 0 0 91 0 0 32374 
15 0 0 0 0 0 63256 0 0 0 0 0 0 0 0 0 0 44 0 40998 
16 0 0 0 0 0 55634 0 0 0 0 0 0 0 0 0 56 0 0 38313 
17 0 92 0 0 0 50078 0 0 0 0 0 0 0 0 0 40 0 0 46450 
18 0 0 0 0 84 50070 0 0 297 0 0 0 0 0 0 0 93 0 57149 
19 0 0 0 0 0 39734 0 0 599 0 0 0 0 0 0 0 101 0 63399 
20 0 0 0 0 0 33987 0 0 0 46 0 0 0 0 0 273 136 0 69012 
21 0 0 0 0 0 32182 0 0 882 0 0 0 0 0 0 49 186 0 76090 
22 80 0 0 0 0 31069 0 68 584 0 0 0 0 0 0 146 75 0 72824 
23 0 0 0 109 69 26192 0 0 0 0 0 0 0 0 0 304 75 0 74515 
24 0 0 0 0 0 26518 0 0 0 0 0 0 0 0 0 156 87 0 85054 
25 0 0 0 0 0 17478 0 0 0 0 0 85 0 0 79 136 483 0 73447 
26 100 0 0 0 0 16292 0 0 230 0 52 0 55 0 59 51 0 0 68724 
27 0 0 0 0 0 14613 50 0 295 0 0 59 0 0 0 377 0 0 63395 
28 100 0 0 0 0 10416 0 0 293 0 0 0 0 0 0 0 180 0 54105 
29 114 0 0 0 0 7617 0 0 593 0 0 0 0 0 0 0 68 0 50294 
30 0 0 0 0 0 7158 0 0 0 0 0 0 0 0 0 65 195 0 45105 
31 173 0 0 0 0 4768 0 0 523 0 0 0 0 0 0 194 162 0 43811 
32 0 0 0 0 0 4915 0 0 0 0 0 0 0 0 92 0 0 0 33090 
33 0 0 0 0 0 3088 0 0 282 0 0 0 0 0 0 71 0 0 28991 
34 107 0 0 0 0 1973 0 0 0 0 0 0 0 0 0 0 0 0 32627 
35 0 0 0 0 0 1244 0 0 0 0 0 0 0 0 0 0 0 0 26521 
36 0 0 0 0 0 2154 0 0 0 0 0 0 0 0 0 75 108 0 27697 
37 0 0 0 0 0 674 0 0 0 0 0 0 0 0 0 0 0 0 24834 
38 0 0 0 0 0 169 0 0 0 0 0 0 0 0 0 297 0 0 21600 
39 0 0 0 0 0 185 0 0 0 0 0 0 0 0 0 0 0 0 18072 
40 0 0 119 0 0 293 0 0 137 0 0 0 0 0 0 96 0 0 14820 
41 0 0 0 0 0 63 0 0 0 492 0 0 0 0 0 0 0 0 14663 
42 0 0 0 0 0 451 0 0 0 0 0 0 0 86 0 121 0 0 9275 
43 0 0 0 0 0 81 0 0 0 0 0 0 0 0 0 12 52 0 8058 
44 0 0 0 0 0 0 0 0 0 0 0 0 0 0 0 0 0 0 8013 
45 0 0 0 0 0 328 0 0 0 0 0 0 0 0 0 0 29 0 1113 
46 0 0 0 0 0 108 0 0 0 0 0 0 0 0 0 0 0 0 1304 
47 0 0 0 0 0 0 0 0 831 0 0 0 0 0 0 0 139 0 1673 
48 0 0 0 0 0 0 0 0 0 0 0 0 0 0 0 0 0 0 340 
49 0 0 0 0 0 0 0 0 0 0 0 0 0 0 0 0 0 0 732 
50 0 0 0 0 0 0 0 0 0 0 0 0 0 0 0 0 0 0 1322 
51 0 0 0 0 0 0 0 0 0 0 0 0 0 0 0 0 0 0 134 
52 0 0 0 0 0 0 0 0 0 0 0 0 0 0 0 0 0 0 117 
53 0 0 0 0 0 0 0 0 0 0 0 0 0 0 0 0 0 0 128 
54 0 0 0 0 0 0 0 0 0 0 0 0 0 0 0 0 0 0 160 
55 0 0 0 0 0 0 0 0 0 131 0 0 0 0 0 0 0 0 27 
56 0 0 0 0 0 0 0 0 0 0 0 0 0 0 0 0 0 0 132 
57 0 0 0 0 0 0 0 0 0 0 0 0 0 0 0 0 0 0 0 
58 0 0 0 0 0 0 0 0 0 0 0 0 0 0 0 0 0 0 0 
59 0 0 0 0 0 0 0 0 0 0 0 0 0 0 0 0 0 0 0 
60 0 0 0 0 0 0 0 0 0 0 0 0 0 0 0 0 0 0 0 
61 0 0 0 0 0 0 0 0 0 0 0 0 0 0 0 0 0 0 0 
62 0 0 0 0 0 0 0 0 0 0 0 0 0 0 0 0 0 0 0 
63 0 0 0 0 0 0 0 0 0 0 0 0 0 0 0 0 0 0 0 
64 0 0 0 0 0 0 0 0 0 0 0 0 0 0 0 0 0 0 0 
65 0 0 0 0 0 0 0 0 0 0 0 0 0 0 0 0 0 0 0 
66 0 0 0 0 0 0 0 0 0 0 0 0 0 0 0 0 0 0 0 
67 0 0 0 0 0 0 0 0 0 0 0 0 0 0 0 0 0 0 0 
68 0 0 0 0 0 0 0 0 0 0 0 0 0 0 0 0 0 0 0 
69 0 0 0 0 0 0 0 0 0 0 0 0 0 0 0 0 0 0 0 
70 0 0 0 0 0 0 0 0 0 0 0 0 0 0 0 0 0 0 0 
